3,BL_24
WL_21,8364692.890914494
