3,BL_6
WL_0,9983.13258939153
