3,BL_2
WL_0,1956.759899490412
