3,BL_13
WL_31,10059.448339871564
