3,BL_0
WL_0,8223846.798066142
