chip,device,READ,WL_31,BL_1,8418.193273972409,0.00011879033510573181,-1.151042458416742e-06,-3.0065973012390492e-05,set
